83.58215 69.01980 -8.18893 76.96474 71.22609 23.30850 55.39759 
69.01980 -7.67891 7.98941 -85.31339 6.22010 -62.85460 2.43169 
-8.18893 7.98941 47.16365 5.51709 -86.78231 -72.49250 -82.85274 
76.96474 -85.31339 5.51709 11.38029 63.37302 45.49188 67.00185 
71.22609 6.22010 -86.78231 63.37302 -22.05458 0.00000 0.00000 
23.30850 -62.85460 -72.49250 45.49188 0.00000 87.12808 0.00000 
55.39759 2.43169 -82.85274 67.00185 0.00000 0.00000 -6.32600 
